20
3 255 255 255 7.5 5.33 9 2.7 6 2.7
3 245 138 66 6 2.7 9 2.7 7.5 0
3 245 138 66 1.37 0 5 6.8 8.63 0
3 255 255 255 5 5.4 3 0 7 0
3 245 138 66 10.0 0.0 8.5 1.8 7.0 0.0
3 245 138 66 0 0 1.5 1.8 3 0
3 255 255 255 8.5 0.75 9.2 0.0 7.8 0.0
3 255 255 255 1.5 0.75 0.8 0 2.2 0
3 255 255 255 3.66 3.45 5 1 6.34 3.45
3 255 255 255 3.93 3.66 6.07 3.66 5 1.75
3 245 138 66 2 8.5 5 3.05 8 8.5
3 245 138 66 8.0 8.5 6.82 10.7 5.64 8.5
3 245 138 66 2 8.5 3.18 10.7 4.36 8.5
3 255 255 255 6.825 9.9 7.37 8.85 6.28 8.85
3 255 255 255 3.175 9.9 2.63 8.85 3.72 8.85
3 255 255 255 6.55 7.15 6.55 6.35 5.34 6.75
3 255 255 255 3.45 7.15 3.45 6.35 4.66 6.75
3 0 0 0 6.15 6.9 6.15 6.6 5.7 6.75
3 0 0 0 3.85 6.9 3.85 6.6 4.3 6.75
3 100 60 35 5 3.05 4.05 4.8 5.95 4.8
